2.1549218729 
-0.8336259614 
2.0729117286 
-0.7765735578 
1.8117839333 
1.8747679366 
1.9905301295 
-1.2343480810 
2.0795946861 
-1.6066088327 
2.0891648831 
0.9970890955 
2.0897859286 
-1.6315058736 
1.9086270197 
-0.9646769063 
1.9507162772 
0.5636458621 
2.1104248922 
0.9261118623 
2.0503353607 
1.4886964293 
2.0993219664 
0.3957266266 
2.0025443931 
1.4456284050 
1.9415634714 
0.5500640164 
1.9459688476 
1.2997815552 
2.2587475795 
0.1414315780 
2.0817382299 
-1.9262758423 
1.7864368765 
-1.1812609819 
1.8822808931 
-0.4505774498 
1.9094774989 
0.4502216065 
2.0117762910 
-0.5981843414 
2.0924570609 
0.6509120618 
1.9600480873 
0.4149066489 
1.9632921237 
0.9007763279 
1.8376076931 
-1.3190961236 
1.8762764895 
-0.0552119176 
2.0068452189 
-0.4506063351 
1.7978935982 
1.9492270786 
1.9879817113 
1.8275019214 
2.1104234681 
1.4009527076 
2.0819551085 
-0.2055363587 
2.1679686284 
1.0304287665 
1.9046255072 
1.3734299733 
1.8684513970 
-0.6626722938 
2.0199698252 
-1.7086975080 
1.8193987157 
0.1188004423 
2.2460677417 
-0.7475138397 
1.7939129671 
1.0980764206 
1.8856599823 
-1.1852113367 
1.9776525983 
-1.1622150960 
2.0875406353 
0.3107543458 
1.7511424781 
-1.7184870577 
1.9056929109 
-1.1246906358 
1.6677342261 
0.3696111917 
2.1550685991 
-1.4670021093 
2.0117640763 
0.5214803162 
1.8228068085 
1.5388972201 
1.9518983018 
0.0594845549 
2.1912497725 
-0.8587950599 
2.1401282298 
1.0558410429 
2.1651381807 
1.9453168882 
1.8795861834 
0.8307683660 
1.8142048581 
-0.0309815004 
2.2042210279 
-0.4415617953 
1.9568534574 
-1.3044543135 
2.0206468190 
-0.1521655286 
1.9632536530 
0.0090964864 
2.2807973470 
1.6452081863 
2.2234159116 
0.9364562390 
1.9109302118 
0.5292352717 
2.0876692950 
-1.5074361378 
2.0978417345 
-1.6305724552 
1.8332761461 
0.1266566634 
1.9292803030 
-0.0879534120 
2.1997976265 
0.1695838104 
2.1192092699 
-2.0061101207 
2.1728132947 
0.3270805690 
2.1604669278 
0.5981588980 
1.9166142353 
-0.1979894472 
1.7020372788 
-1.3727134543 
1.9807392358 
0.9664980120 
2.1180758536 
1.1724119869 
2.0889485638 
-0.7362866179 
2.0349848981 
-0.0839141622 
2.0741024503 
-1.1030068197 
1.8128078713 
-1.1035211915 
2.3157920992 
1.1316548888 
2.0020829775 
-1.5742112560 
1.7248158147 
-1.4649367869 
1.9681628047 
2.0343817761 
2.4373440179 
0.7150797355 
2.1312388126 
0.4156172733 
1.9261215332 
1.5699781201 
1.9873879857 
-1.5768284704 
2.0126316572 
1.7288635240 
2.0143788755 
1.7725908096 
2.0994176924 
-1.0395866841 
1.8185985600 
-1.2296684197 
2.0848134140 
0.4942662357 
2.0494086090 
-1.2200276165 
2.0711907008 
-1.4404914750 
2.1510253406 
-0.5282530204 
2.0700835000 
-0.3891155270 
2.1272890641 
-1.7178627656 
2.1359463774 
0.5781678878 
2.1141752609 
0.1696986182 
2.0398344954 
1.8996199218 
1.9836271694 
-1.1081448409 
2.1120612754 
1.7902849293 
2.0454394206 
0.8225863583 
