0.0037691265 
1.6334379155 
-1.4178076375 
1.5775977037 
1.1580623451 
1.3586130692 
0.3936760467 
1.5240835495 
-1.3729763962 
1.3979444699 
-1.4720355183 
1.8840029255 
-0.9549647540 
1.7479100500 
-0.0110177721 
1.4279879211 
-1.1319581109 
1.4722228025 
-1.4129296800 
1.6763034896 
0.4697992529 
1.7612622730 
-0.3372384368 
1.4291370664 
0.8250698416 
1.5386756643 
-0.1517945397 
1.6550204081 
-0.0495949461 
1.4536916127 
-1.3691340439 
1.5947251070 
-1.3355695565 
1.6466997380 
-1.3153615021 
1.5608939958 
0.3193359466 
1.6796876865 
-0.9504513971 
1.5000964897 
1.0310134559 
1.1976613395 
1.2327666826 
1.8626702728 
1.3608616661 
1.5370556908 
-0.0932808232 
1.5496152116 
-0.8881052207 
1.4868604873 
-0.6124716634 
1.3906230925 
0.0360172151 
1.4901996573 
0.7692271186 
1.6858140789 
-0.1950636339 
1.3737147152 
-0.1990605215 
1.5671931200 
0.3688231284 
1.7572760793 
1.4631980635 
1.5721690285 
-0.9425169791 
1.4563131840 
0.7454926643 
1.6455521810 
0.2514933877 
1.7489210423 
-0.1135240865 
1.4857847004 
1.2006193695 
1.6415697662 
-0.3722473700 
1.4889668321 
-0.6566844548 
1.4388170594 
0.5221728204 
1.6056242053 
0.5771369220 
1.5679078568 
-0.8344308446 
1.3899391159 
0.9749607056 
1.5332785980 
1.7517844452 
1.6815544741 
1.5070754418 
1.5106933796 
-1.3187968062 
1.7405328743 
-0.7859767996 
1.3004119259 
-1.3731660832 
1.5132913326 
0.2486664663 
1.5636540507 
-1.2589115992 
1.3259707162 
-0.5041008301 
1.4530324659 
1.0712729320 
1.5568231533 
-0.0495918032 
1.4731169197 
-0.5873016312 
1.7336365356 
-0.8900631451 
1.6583028993 
-0.1132732852 
1.6172990913 
1.2195794457 
1.6623497192 
-0.9404011214 
1.2318847902 
-0.1104947658 
1.4158165511 
1.0908974105 
1.3902363219 
-1.3338039121 
1.5770844691 
0.6064682267 
1.4847215311 
1.2704945583 
1.5074314342 
-0.7174484511 
1.3348783383 
-1.1059174044 
1.4729303918 
0.5806392578 
1.6281095476 
1.3027564728 
1.6685759600 
0.2384539691 
1.3883838878 
1.1876941420 
1.6785721486 
-0.7513942026 
1.4837577173 
0.6862176702 
1.3036854035 
-0.3744834723 
1.5029491852 
-0.3961756098 
1.4568061447 
-1.2690221608 
1.5555114183 
0.9345392924 
1.7105924908 
0.1992691806 
1.6252918739 
0.7342250846 
1.5106640778 
1.0078581886 
1.6540781041 
-1.4366055264 
1.6702695431 
1.1961602157 
1.3613323625 
-0.0940961001 
1.5950768588 
0.6273063826 
1.5432115361 
0.7803890264 
1.5198968307 
1.0649834963 
1.3485862727 
-0.9004155779 
1.5146554051 
-0.0338246766 
1.3730291751 
0.3610187334 
1.6132975918 
1.4274751106 
1.4891106670 
0.7659748091 
1.3584010552 
1.2144952544 
1.6025366984 
0.3073446505 
1.4209098040 
0.5379911887 
1.5093400361 
1.1765152450 
1.4463338169 
-1.5393407904 
1.5884657080 
1.2902233225 
1.7352464968 
-0.3450996867 
1.2898303985 
-1.1820610625 
1.5340999068 
0.5929298814 
1.4278107070 
-1.1399351484 
1.6498850088 
-0.9918345524 
1.5313385887 
